-0.105915
-0.0290454
-0.21258
0.0345144
0.167718
-0.518056
-0.431531
-0.257573
0.227008
0.0835254
-0.310274
-0.237376
-0.525779
-0.164059
0.0203606
0.177963
0.330915
-0.246516
0.332633
0.0112681
-0.524728
0.0512468
-0.155397
0.260064
-0.0282349
0.0391635
0.195814
0.392107
-0.27974
-0.103327
0.0600348
0.147531
-0.331716
-0.297388
-0.119578
-0.241865
0.335049
-0.13294
-0.206557
0.0103937
-0.0604156
-0.0250689
-0.0600618
-0.51329
0.161696
0.305558
0.0822293
-0.0807559
0.102163
0.311392
-0.4977
-0.22921
0.0988299
0.257379
-0.381816
-0.0850804
-0.275892
-0.148691
0.1306
0.0240716
0.250988
0.469149
-0.0198997
-0.0461799
-0.0441032
-0.140792
0.511427
0.676114
0.295662
0.280781
0.273248
-0.281735
0.00024962
0.409488
-0.339007
-0.0223475
0.398176
-0.3649
-0.343261
-0.000906242
